   1.0000 2.7144e+08 6.2429e+07 6.9847e+08 8.3031e+07 6.8644e+08 2.0904e+08 3.4784e+08 2.0590e+08 3.3697e+08
   1.2526 2.7473e+08 5.2045e+07 6.7599e+08 6.9978e+07 6.6118e+08 2.0731e+08 3.6719e+08 2.1888e+08 3.3058e+08
   1.5051 2.5473e+08 4.5089e+07 6.0015e+08 5.9812e+07 5.8528e+08 1.9169e+08 3.4453e+08 2.1020e+08 2.9926e+08
   1.7577 2.2249e+08 4.2857e+07 5.0268e+08 5.4573e+07 4.8955e+08 1.6858e+08 3.0006e+08 1.8834e+08 2.5664e+08
   2.0102 1.8709e+08 4.5538e+07 4.0640e+08 5.4943e+07 3.9559e+08 1.4334e+08 2.5005e+08 1.6140e+08 2.1278e+08
   2.2628 1.5380e+08 4.7575e+07 3.2218e+08 5.5183e+07 3.1360e+08 1.1930e+08 2.0325e+08 1.3460e+08 1.7299e+08
   2.5153 1.2485e+08 4.5937e+07 2.5302e+08 5.2030e+07 2.4634e+08 9.8053e+07 1.6308e+08 1.1049e+08 1.3921e+08
   2.7679 1.0077e+08 4.1818e+07 1.9813e+08 4.6642e+07 1.9296e+08 8.0062e+07 1.3013e+08 8.9962e+07 1.1157e+08
   3.0204 8.1175e+07 3.7059e+07 1.5530e+08 4.0883e+07 1.5130e+08 6.5187e+07 1.0373e+08 7.2978e+07 8.9371e+07
   3.2730 6.5413e+07 3.2296e+07 1.2213e+08 3.5342e+07 1.1903e+08 5.3039e+07 8.2816e+07 5.9137e+07 7.1690e+07
   3.5255 5.2840e+07 2.7838e+07 9.6416e+07 3.0276e+07 9.3998e+07 4.3225e+07 6.6305e+07 4.7991e+07 5.7690e+07
   3.7781 4.2833e+07 2.3843e+07 7.6420e+07 2.5804e+07 7.4532e+07 3.5328e+07 5.3271e+07 3.9052e+07 4.6614e+07
   4.0306 3.4859e+07 2.0345e+07 6.0980e+07 2.1931e+07 5.9498e+07 2.8974e+07 4.3008e+07 3.1882e+07 3.7836e+07
   4.2832 2.8472e+07 1.7336e+07 4.8933e+07 1.8624e+07 4.7763e+07 2.3843e+07 3.4867e+07 2.6107e+07 3.0837e+07
   4.5357 2.3334e+07 1.4772e+07 3.9436e+07 1.5823e+07 3.8512e+07 1.9687e+07 2.8366e+07 2.1441e+07 2.5227e+07
   4.7883 1.9248e+07 1.2379e+07 3.2013e+07 1.3210e+07 3.1279e+07 1.6351e+07 2.3232e+07 1.7719e+07 2.0777e+07
   5.0408 1.5972e+07 1.0397e+07 2.6169e+07 1.1057e+07 2.5581e+07 1.3654e+07 1.9148e+07 1.4727e+07 1.7218e+07
   5.2934 1.3315e+07 8.7634e+06 2.1513e+07 9.2914e+06 2.1040e+07 1.1449e+07 1.5860e+07 1.2292e+07 1.4338e+07
   5.5459 1.1143e+07 7.4105e+06 1.7772e+07 7.8352e+06 1.7390e+07 9.6348e+06 1.3192e+07 1.0297e+07 1.1989e+07
   5.7985 9.3723e+06 6.2958e+06 1.4765e+07 6.6395e+06 1.4454e+07 8.1471e+06 1.1032e+07 8.6686e+06 1.0076e+07
   6.0510 7.9210e+06 5.3717e+06 1.2332e+07 5.6516e+06 1.2078e+07 6.9203e+06 9.2738e+06 7.3318e+06 8.5102e+06
   6.3036 6.7231e+06 4.6002e+06 1.0352e+07 4.8295e+06 1.0142e+07 5.9016e+06 7.8314e+06 6.2270e+06 7.2192e+06
   6.5561 5.7279e+06 3.9518e+06 8.7284e+06 4.1408e+06 8.5552e+06 5.0502e+06 6.6406e+06 5.3078e+06 6.1480e+06
   6.8087 4.8980e+06 3.4055e+06 7.3914e+06 3.5622e+06 7.2472e+06 4.3364e+06 5.6533e+06 4.5406e+06 5.2555e+06
   7.0612 4.2046e+06 2.9452e+06 6.2859e+06 3.0756e+06 6.1653e+06 3.7374e+06 4.8322e+06 3.8990e+06 4.5101e+06
   7.3138 3.6224e+06 2.5555e+06 5.3674e+06 2.6646e+06 5.2661e+06 3.2324e+06 4.1462e+06 3.3600e+06 3.8848e+06
   7.5663 3.1315e+06 2.2241e+06 4.6007e+06 2.3158e+06 4.5152e+06 2.8046e+06 3.5705e+06 2.9053e+06 3.3577e+06
   7.8189 2.7158e+06 1.9411e+06 3.9579e+06 2.0185e+06 3.8854e+06 2.4407e+06 3.0853e+06 2.5200e+06 2.9116e+06
   8.0714 2.3623e+06 1.6985e+06 3.4167e+06 1.7642e+06 3.3549e+06 2.1300e+06 2.6746e+06 2.1922e+06 2.5324e+06
   8.3240 2.0612e+06 1.4904e+06 2.9596e+06 1.5464e+06 2.9067e+06 1.8642e+06 2.3262e+06 1.9129e+06 2.2094e+06
   8.5765 1.8037e+06 1.3113e+06 2.5721e+06 1.3592e+06 2.5266e+06 1.6362e+06 2.0294e+06 1.6740e+06 1.9334e+06
   8.8291 1.5829e+06 1.1568e+06 2.2422e+06 1.1980e+06 2.2030e+06 1.4400e+06 1.7758e+06 1.4691e+06 1.6968e+06
   9.0816 1.3929e+06 1.0229e+06 1.9605e+06 1.0584e+06 1.9266e+06 1.2705e+06 1.5582e+06 1.2927e+06 1.4931e+06
   9.3342 1.2288e+06 9.0671e+05 1.7190e+06 9.3745e+05 1.6895e+06 1.1237e+06 1.3710e+06 1.1404e+06 1.3172e+06
   9.5867 1.0867e+06 8.0546e+05 1.5114e+06 8.3217e+05 1.4857e+06 9.9622e+05 1.2094e+06 1.0085e+06 1.1650e+06
   9.8393 9.6330e+05 7.1703e+05 1.3323e+06 7.4032e+05 1.3098e+06 8.8512e+05 1.0696e+06 8.9388e+05 1.0327e+06
  10.0918 8.5590e+05 6.3967e+05 1.1775e+06 6.6006e+05 1.1577e+06 7.8816e+05 9.4818e+05 7.9415e+05 9.1764e+05
  10.3444 7.6218e+05 5.7185e+05 1.0432e+06 5.8974e+05 1.0258e+06 7.0333e+05 8.4255e+05 7.0713e+05 8.1722e+05
  10.5969 6.8019e+05 5.1223e+05 9.2647e+05 5.2800e+05 9.1108e+05 6.2893e+05 7.5037e+05 6.3100e+05 7.2936e+05
  10.8495 6.0827e+05 4.5972e+05 8.2463e+05 4.7364e+05 8.1099e+05 5.6351e+05 6.6972e+05 5.6424e+05 6.5230e+05
  11.1020 5.4504e+05 4.1335e+05 7.3558e+05 4.2568e+05 7.2346e+05 5.0586e+05 5.9899e+05 5.0553e+05 5.8455e+05
  11.3546 4.8932e+05 3.7232e+05 6.5751e+05 3.8328e+05 6.4671e+05 4.5494e+05 5.3680e+05 4.5380e+05 5.2484e+05
  11.6071 4.4011e+05 3.3594e+05 5.8891e+05 3.4570e+05 5.7926e+05 4.0987e+05 4.8200e+05 4.0812e+05 4.7210e+05
  11.8597 3.9656e+05 3.0361e+05 5.2848e+05 3.1233e+05 5.1984e+05 3.6989e+05 4.3360e+05 3.6770e+05 4.2542e+05
  12.1122 3.5794e+05 2.7484e+05 4.7517e+05 2.8265e+05 4.6741e+05 3.3438e+05 3.9078e+05 3.3186e+05 3.8403e+05
  12.3648 3.2364e+05 2.4920e+05 4.2803e+05 2.5620e+05 4.2105e+05 3.0277e+05 3.5282e+05 3.0002e+05 3.4726e+05
  12.6173 2.9310e+05 2.2629e+05 3.8626e+05 2.3259e+05 3.7996e+05 2.7458e+05 3.1909e+05 2.7168e+05 3.1452e+05
  12.8699 2.6587e+05 2.0580e+05 3.4917e+05 2.1147e+05 3.4348e+05 2.4939e+05 2.8905e+05 2.4641e+05 2.8532e+05
  13.1224 2.4153e+05 1.8743e+05 3.1616e+05 1.9255e+05 3.1100e+05 2.2685e+05 2.6226e+05 2.2384e+05 2.5922e+05
  13.3750 2.1974e+05 1.7093e+05 2.8673e+05 1.7557e+05 2.8205e+05 2.0664e+05 2.3832e+05 2.0363e+05 2.3586e+05
  13.6276 2.0021e+05 1.5610e+05 2.6043e+05 1.6031e+05 2.5618e+05 1.8849e+05 2.1688e+05 1.8551e+05 2.1491e+05
  13.8801 1.8266e+05 1.4274e+05 2.3689e+05 1.4656e+05 2.3302e+05 1.7216e+05 1.9766e+05 1.6924e+05 1.9609e+05
  14.1327 1.6688e+05 1.3069e+05 2.1579e+05 1.3417e+05 2.1226e+05 1.5746e+05 1.8039e+05 1.5460e+05 1.7916e+05
  14.3852 1.5266e+05 1.1981e+05 1.9683e+05 1.2298e+05 1.9360e+05 1.4419e+05 1.6485e+05 1.4142e+05 1.6390e+05
  14.6378 1.3983e+05 1.0996e+05 1.7979e+05 1.1286e+05 1.7683e+05 1.3220e+05 1.5084e+05 1.2952e+05 1.5014e+05
  14.8903 1.2824e+05 1.0105e+05 1.6444e+05 1.0370e+05 1.6173e+05 1.2136e+05 1.3821e+05 1.1878e+05 1.3770e+05
  15.1429 1.1776e+05 9.2964e+04 1.5061e+05 9.5388e+04 1.4812e+05 1.1154e+05 1.2680e+05 1.0906e+05 1.2645e+05
  15.3954 1.0826e+05 8.5622e+04 1.3811e+05 8.7844e+04 1.3582e+05 1.0263e+05 1.1647e+05 1.0026e+05 1.1626e+05
  15.6480 9.9639e+04 7.8945e+04 1.2681e+05 8.0985e+04 1.2470e+05 9.4538e+04 1.0711e+05 9.2271e+04 1.0700e+05
  15.9005 9.1807e+04 7.2865e+04 1.1657e+05 7.4741e+04 1.1463e+05 8.7177e+04 9.8613e+04 8.5015e+04 9.8598e+04
  16.1531 8.4682e+04 6.7322e+04 1.0728e+05 6.9050e+04 1.0549e+05 8.0473e+04 9.0890e+04 7.8414e+04 9.0949e+04
  16.4056 7.8191e+04 6.2262e+04 9.8847e+04 6.3855e+04 9.7190e+04 7.4360e+04 8.3862e+04 7.2400e+04 8.3980e+04
  16.6582 7.2270e+04 5.7639e+04 9.1172e+04 5.9109e+04 8.9640e+04 6.8778e+04 7.7458e+04 6.6916e+04 7.7623e+04
  16.9107 6.6863e+04 5.3409e+04 8.4182e+04 5.4767e+04 8.2764e+04 6.3676e+04 7.1614e+04 6.1908e+04 7.1817e+04
  17.1633 6.1919e+04 4.9535e+04 7.7807e+04 5.0791e+04 7.6493e+04 5.9008e+04 6.6276e+04 5.7330e+04 6.6509e+04
  17.4158 5.7394e+04 4.5983e+04 7.1987e+04 4.7146e+04 7.0767e+04 5.4731e+04 6.1393e+04 5.3139e+04 6.1649e+04
  17.6684 5.3248e+04 4.2723e+04 6.6666e+04 4.3802e+04 6.5534e+04 5.0809e+04 5.6923e+04 4.9300e+04 5.7196e+04
  17.9209 4.9446e+04 3.9730e+04 6.1797e+04 4.0730e+04 6.0746e+04 4.7211e+04 5.2828e+04 4.5780e+04 5.3113e+04
  18.1735 4.5958e+04 3.6978e+04 5.7338e+04 3.7907e+04 5.6359e+04 4.3906e+04 4.9072e+04 4.2550e+04 4.9366e+04
  18.4260 4.2753e+04 3.4445e+04 5.3248e+04 3.5309e+04 5.2337e+04 4.0867e+04 4.5624e+04 3.9583e+04 4.5923e+04
  18.6786 3.9805e+04 3.2112e+04 4.9494e+04 3.2916e+04 4.8645e+04 3.8070e+04 4.2456e+04 3.6854e+04 4.2757e+04
  18.9311 3.7091e+04 2.9961e+04 4.6044e+04 3.0709e+04 4.5252e+04 3.5494e+04 3.9541e+04 3.4341e+04 3.9841e+04
  19.1837 3.4590e+04 2.7975e+04 4.2871e+04 2.8672e+04 4.2131e+04 3.3117e+04 3.6856e+04 3.2026e+04 3.7155e+04
  19.4362 3.2283e+04 2.6140e+04 3.9949e+04 2.6791e+04 3.9257e+04 3.0923e+04 3.4381e+04 2.9890e+04 3.4676e+04
  19.6888 3.0152e+04 2.4443e+04 3.7256e+04 2.5051e+04 3.6608e+04 2.8896e+04 3.2098e+04 2.7918e+04 3.2387e+04
  19.9413 2.8184e+04 2.2873e+04 3.4771e+04 2.3440e+04 3.4165e+04 2.7021e+04 2.9988e+04 2.6096e+04 3.0272e+04
  20.1939 2.6362e+04 2.1418e+04 3.2477e+04 2.1949e+04 3.1908e+04 2.5286e+04 2.8039e+04 2.4410e+04 2.8315e+04
  20.4464 2.4676e+04 2.0069e+04 3.0356e+04 2.0566e+04 2.9823e+04 2.3678e+04 2.6235e+04 2.2849e+04 2.6504e+04
  20.6990 2.3114e+04 1.8817e+04 2.8395e+04 1.9282e+04 2.7895e+04 2.2187e+04 2.4565e+04 2.1403e+04 2.4825e+04
  20.9515 2.1664e+04 1.7654e+04 2.6579e+04 1.8091e+04 2.6109e+04 2.0804e+04 2.3016e+04 2.0062e+04 2.3268e+04
  21.2041 2.0320e+04 1.6574e+04 2.4897e+04 1.6983e+04 2.4455e+04 1.9519e+04 2.1581e+04 1.8817e+04 2.1823e+04
  21.4566 1.9070e+04 1.5569e+04 2.3337e+04 1.5954e+04 2.2922e+04 1.8325e+04 2.0248e+04 1.7660e+04 2.0481e+04
  21.7092 1.7909e+04 1.4634e+04 2.1890e+04 1.4995e+04 2.1498e+04 1.7215e+04 1.9009e+04 1.6586e+04 1.9233e+04
  21.9617 1.6830e+04 1.3764e+04 2.0545e+04 1.4104e+04 2.0177e+04 1.6182e+04 1.7858e+04 1.5586e+04 1.8073e+04
  22.2143 1.5825e+04 1.2954e+04 1.9296e+04 1.3273e+04 1.8948e+04 1.5220e+04 1.6787e+04 1.4656e+04 1.6993e+04
  22.4668 1.4889e+04 1.2198e+04 1.8133e+04 1.2498e+04 1.7806e+04 1.4324e+04 1.5789e+04 1.3790e+04 1.5988e+04
  22.7194 1.4016e+04 1.1493e+04 1.7051e+04 1.1776e+04 1.6742e+04 1.3489e+04 1.4860e+04 1.2982e+04 1.5050e+04
  22.9719 1.3202e+04 1.0835e+04 1.6044e+04 1.1101e+04 1.5752e+04 1.2710e+04 1.3993e+04 1.2229e+04 1.4176e+04
  23.2245 1.2443e+04 1.0220e+04 1.5104e+04 1.0471e+04 1.4829e+04 1.1982e+04 1.3185e+04 1.1526e+04 1.3359e+04
  23.4770 1.1734e+04 9.6455e+03 1.4228e+04 9.8823e+03 1.3968e+04 1.1302e+04 1.2430e+04 1.0869e+04 1.2597e+04
  23.7296 1.1071e+04 9.1079e+03 1.3410e+04 9.3314e+03 1.3164e+04 1.0666e+04 1.1724e+04 1.0256e+04 1.1885e+04
  23.9821 1.0451e+04 8.6048e+03 1.2646e+04 8.8157e+03 1.2414e+04 1.0072e+04 1.1065e+04 9.6820e+03 1.1218e+04
  24.2347 9.8704e+03 8.1336e+03 1.1932e+04 8.3328e+03 1.1712e+04 9.5154e+03 1.0448e+04 9.1450e+03 1.0595e+04
  24.4872 9.3271e+03 7.6920e+03 1.1265e+04 7.8802e+03 1.1057e+04 8.9941e+03 9.8707e+03 8.6422e+03 1.0011e+04
  24.7398 8.8182e+03 7.2779e+03 1.0640e+04 7.4558e+03 1.0443e+04 8.5056e+03 9.3299e+03 8.1711e+03 9.4643e+03
  24.9923 8.3411e+03 6.8894e+03 1.0055e+04 7.0577e+03 9.8686e+03 8.0475e+03 8.8230e+03 7.7295e+03 8.9517e+03
  25.2449 7.8936e+03 6.5247e+03 9.5074e+03 6.6839e+03 9.3305e+03 7.6177e+03 8.3477e+03 7.3153e+03 8.4709e+03
  25.4974 7.4736e+03 6.1821e+03 8.9938e+03 6.3328e+03 8.8262e+03 7.2142e+03 7.9017e+03 6.9265e+03 8.0196e+03
  25.7500 7.0792e+03 5.8602e+03 8.5122e+03 6.0029e+03 8.3533e+03 6.8352e+03 7.4831e+03 6.5615e+03 7.5960e+03
  26.0026 6.7087e+03 5.5575e+03 8.0602e+03 5.6927e+03 7.9095e+03 6.4790e+03 7.0899e+03 6.2185e+03 7.1980e+03
  26.2551 6.3604e+03 5.2727e+03 7.6358e+03 5.4008e+03 7.4928e+03 6.1441e+03 6.7204e+03 5.8961e+03 6.8239e+03
  26.5077 6.0329e+03 5.0046e+03 7.2369e+03 5.1261e+03 7.1011e+03 5.8290e+03 6.3729e+03 5.5929e+03 6.4720e+03
  26.7602 5.7246e+03 4.7521e+03 6.8618e+03 4.8674e+03 6.7328e+03 5.5324e+03 6.0461e+03 5.3075e+03 6.1410e+03
  27.0128 5.4345e+03 4.5143e+03 6.5089e+03 4.6237e+03 6.3864e+03 5.2530e+03 5.7384e+03 5.0389e+03 5.8293e+03
  27.2653 5.1611e+03 4.2900e+03 6.1768e+03 4.3939e+03 6.0603e+03 4.9899e+03 5.4487e+03 4.7858e+03 5.5358e+03
  27.5179 4.9035e+03 4.0785e+03 5.8640e+03 4.1772e+03 5.7532e+03 4.7418e+03 5.1758e+03 4.5473e+03 5.2591e+03
  27.7704 4.6607e+03 3.8790e+03 5.5694e+03 3.9728e+03 5.4640e+03 4.5078e+03 4.9185e+03 4.3224e+03 4.9984e+03
  28.0230 4.4316e+03 3.6906e+03 5.2917e+03 3.7797e+03 5.1913e+03 4.2870e+03 4.6759e+03 4.1102e+03 4.7524e+03
  28.2755 4.2154e+03 3.5126e+03 5.0299e+03 3.5974e+03 4.9343e+03 4.0786e+03 4.4470e+03 3.9100e+03 4.5203e+03
  28.5281 4.0113e+03 3.3445e+03 4.7829e+03 3.4252e+03 4.6918e+03 3.8818e+03 4.2310e+03 3.7209e+03 4.3011e+03
  28.7806 3.8185e+03 3.1856e+03 4.5498e+03 3.2624e+03 4.4629e+03 3.6958e+03 4.0270e+03 3.5423e+03 4.0942e+03
  29.0332 3.6363e+03 3.0353e+03 4.3297e+03 3.1084e+03 4.2468e+03 3.5201e+03 3.8342e+03 3.3735e+03 3.8986e+03
  29.2857 3.4641e+03 2.8931e+03 4.1218e+03 2.9628e+03 4.0428e+03 3.3539e+03 3.6521e+03 3.2139e+03 3.7138e+03
  29.5383 3.3012e+03 2.7585e+03 3.9254e+03 2.8249e+03 3.8499e+03 3.1966e+03 3.4799e+03 3.0629e+03 3.5390e+03
  29.7908 3.1471e+03 2.6310e+03 3.7397e+03 2.6944e+03 3.6677e+03 3.0478e+03 3.3170e+03 2.9200e+03 3.3736e+03
  30.0434 3.0012e+03 2.5103e+03 3.5642e+03 2.5708e+03 3.4953e+03 2.9069e+03 3.1628e+03 2.7848e+03 3.2171e+03
  30.2959 2.8631e+03 2.3959e+03 3.3981e+03 2.4536e+03 3.3323e+03 2.7735e+03 3.0169e+03 2.6567e+03 3.0690e+03
  30.5485 2.7322e+03 2.2875e+03 3.2409e+03 2.3426e+03 3.1780e+03 2.6471e+03 2.8787e+03 2.5354e+03 2.9286e+03
  30.8010 2.6082e+03 2.1846e+03 3.0921e+03 2.2373e+03 3.0319e+03 2.5272e+03 2.7478e+03 2.4204e+03 2.7956e+03
  31.0536 2.4907e+03 2.0865e+03 2.9512e+03 2.1367e+03 2.8936e+03 2.4136e+03 2.6237e+03 2.3113e+03 2.6696e+03
  31.3061 2.3792e+03 1.9933e+03 2.8177e+03 2.0413e+03 2.7626e+03 2.3058e+03 2.5061e+03 2.2079e+03 2.5501e+03
  31.5587 2.2734e+03 1.9048e+03 2.6912e+03 1.9507e+03 2.6384e+03 2.2035e+03 2.3946e+03 2.1098e+03 2.4368e+03
  31.8112 2.1731e+03 1.8209e+03 2.5713e+03 1.8647e+03 2.5207e+03 2.1064e+03 2.2887e+03 2.0166e+03 2.3292e+03
  32.0638 2.0778e+03 1.7411e+03 2.4579e+03 1.7830e+03 2.4095e+03 2.0142e+03 2.1882e+03 1.9281e+03 2.2270e+03
  32.3163 1.9872e+03 1.6654e+03 2.3502e+03 1.7054e+03 2.3039e+03 1.9266e+03 2.0927e+03 1.8441e+03 2.1299e+03
  32.5689 1.9011e+03 1.5934e+03 2.2479e+03 1.6316e+03 2.2035e+03 1.8433e+03 2.0019e+03 1.7642e+03 2.0377e+03
  32.8214 1.8193e+03 1.5249e+03 2.1506e+03 1.5615e+03 2.1080e+03 1.7642e+03 1.9156e+03 1.6882e+03 1.9500e+03
  33.0740 1.7415e+03 1.4598e+03 2.0580e+03 1.4948e+03 2.0173e+03 1.6889e+03 1.8335e+03 1.6160e+03 1.8667e+03
  33.3265 1.6675e+03 1.3979e+03 1.9700e+03 1.4314e+03 1.9310e+03 1.6173e+03 1.7554e+03 1.5473e+03 1.7873e+03
  33.5791 1.5970e+03 1.3389e+03 1.8863e+03 1.3710e+03 1.8488e+03 1.5491e+03 1.6812e+03 1.4819e+03 1.7119e+03
  33.8316 1.5300e+03 1.2828e+03 1.8066e+03 1.3136e+03 1.7707e+03 1.4843e+03 1.6105e+03 1.4197e+03 1.6400e+03
  34.0842 1.4662e+03 1.2294e+03 1.7308e+03 1.2589e+03 1.6963e+03 1.4225e+03 1.5431e+03 1.3604e+03 1.5717e+03
  34.3367 1.4053e+03 1.1785e+03 1.6585e+03 1.2068e+03 1.6254e+03 1.3637e+03 1.4790e+03 1.3039e+03 1.5065e+03
  34.5893 1.3474e+03 1.1300e+03 1.5897e+03 1.1571e+03 1.5579e+03 1.3076e+03 1.4179e+03 1.2502e+03 1.4445e+03
  34.8418 1.2922e+03 1.0838e+03 1.5242e+03 1.1098e+03 1.4936e+03 1.2542e+03 1.3597e+03 1.1989e+03 1.3854e+03
  35.0944 1.2396e+03 1.0397e+03 1.4617e+03 1.0647e+03 1.4323e+03 1.2033e+03 1.3043e+03 1.1500e+03 1.3290e+03
  35.3469 1.1894e+03 9.9774e+02 1.4021e+03 1.0217e+03 1.3739e+03 1.1548e+03 1.2514e+03 1.1034e+03 1.2753e+03
  35.5995 1.1416e+03 9.5766e+02 1.3453e+03 9.8063e+02 1.3182e+03 1.1085e+03 1.2009e+03 1.0590e+03 1.2240e+03
  35.8520 1.0959e+03 9.1943e+02 1.2912e+03 9.4149e+02 1.2651e+03 1.0643e+03 1.1528e+03 1.0166e+03 1.1752e+03
  36.1046 1.0524e+03 8.8294e+02 1.2395e+03 9.0413e+02 1.2144e+03 1.0221e+03 1.1069e+03 9.7610e+02 1.1285e+03
  36.3571 1.0108e+03 8.4811e+02 1.1902e+03 8.6848e+02 1.1660e+03 9.8187e+02 1.0630e+03 9.3746e+02 1.0840e+03
  36.6097 9.7110e+02 8.1484e+02 1.1432e+03 8.3443e+02 1.1199e+03 9.4344e+02 1.0212e+03 9.0057e+02 1.0415e+03
  36.8622 9.3318e+02 7.8307e+02 1.0982e+03 8.0192e+02 1.0758e+03 9.0674e+02 9.8124e+02 8.6533e+02 1.0010e+03
  37.1148 8.9697e+02 7.5272e+02 1.0553e+03 7.7086e+02 1.0337e+03 8.7168e+02 9.4308e+02 8.3167e+02 9.6222e+02
  37.3673 8.6237e+02 7.2371e+02 1.0144e+03 7.4118e+02 9.9352e+02 8.3817e+02 9.0662e+02 7.9950e+02 9.2520e+02
  37.6199 8.2931e+02 6.9599e+02 9.7524e+02 7.1282e+02 9.5513e+02 8.0615e+02 8.7178e+02 7.6875e+02 8.8982e+02
  37.8724 7.9770e+02 6.6948e+02 9.3785e+02 6.8570e+02 9.1844e+02 7.7554e+02 8.3847e+02 7.3935e+02 8.5601e+02
  38.1250 7.6748e+02 6.4413e+02 9.0211e+02 6.5977e+02 8.8338e+02 7.4627e+02 8.0664e+02 7.1124e+02 8.2369e+02
  38.3776 7.3858e+02 6.1989e+02 8.6794e+02 6.3497e+02 8.4986e+02 7.1828e+02 7.7619e+02 6.8434e+02 7.9278e+02
  38.6301 7.1093e+02 5.9668e+02 8.3527e+02 6.1124e+02 8.1780e+02 6.9149e+02 7.4707e+02 6.5861e+02 7.6321e+02
  38.8827 6.8445e+02 5.7446e+02 8.0400e+02 5.8852e+02 7.8712e+02 6.6582e+02 7.1918e+02 6.3397e+02 7.3490e+02
  39.1352 6.5909e+02 5.5317e+02 7.7406e+02 5.6675e+02 7.5775e+02 6.4123e+02 6.9248e+02 6.1037e+02 7.0778e+02
  39.3878 6.3478e+02 5.3276e+02 7.4539e+02 5.4588e+02 7.2961e+02 6.1766e+02 6.6690e+02 5.8775e+02 6.8179e+02
  39.6403 6.1150e+02 5.1321e+02 7.1793e+02 5.2589e+02 7.0267e+02 5.9506e+02 6.4239e+02 5.6608e+02 6.5690e+02
  39.8929 5.8918e+02 4.9446e+02 6.9161e+02 5.0672e+02 6.7685e+02 5.7340e+02 6.1890e+02 5.4531e+02 6.3303e+02
  40.1454 5.6778e+02 4.7648e+02 6.6640e+02 4.8835e+02 6.5211e+02 5.5262e+02 5.9639e+02 5.2539e+02 6.1015e+02
  40.3980 5.4726e+02 4.5923e+02 6.4223e+02 4.7072e+02 6.2839e+02 5.3269e+02 5.7480e+02 5.0630e+02 5.8822e+02
  40.6505 5.2758e+02 4.4269e+02 6.1905e+02 4.5381e+02 6.0566e+02 5.1357e+02 5.5411e+02 4.8798e+02 5.6718e+02
  40.9031 5.0870e+02 4.2682e+02 5.9683e+02 4.3759e+02 5.8385e+02 4.9522e+02 5.3425e+02 4.7041e+02 5.4699e+02
  41.1556 4.9059e+02 4.1159e+02 5.7551e+02 4.2203e+02 5.6294e+02 4.7761e+02 5.1520e+02 4.5355e+02 5.2762e+02
  41.4082 4.7320e+02 3.9697e+02 5.5506e+02 4.0709e+02 5.4288e+02 4.6071e+02 4.9693e+02 4.3737e+02 5.0904e+02
  41.6607 4.5652e+02 3.8294e+02 5.3544e+02 3.9275e+02 5.2362e+02 4.4448e+02 4.7938e+02 4.2185e+02 4.9120e+02
  41.9133 4.4050e+02 3.6947e+02 5.1661e+02 3.7898e+02 5.0515e+02 4.2889e+02 4.6255e+02 4.0694e+02 4.7407e+02
  42.1658 4.2512e+02 3.5653e+02 4.9853e+02 3.6576e+02 4.8741e+02 4.1392e+02 4.4638e+02 3.9262e+02 4.5762e+02
  42.4184 4.1034e+02 3.4410e+02 4.8117e+02 3.5306e+02 4.7038e+02 3.9955e+02 4.3085e+02 3.7887e+02 4.4183e+02
  42.6709 3.9615e+02 3.3215e+02 4.6450e+02 3.4086e+02 4.5403e+02 3.8573e+02 4.1594e+02 3.6566e+02 4.2665e+02
  42.9235 3.8252e+02 3.2068e+02 4.4849e+02 3.2913e+02 4.3832e+02 3.7245e+02 4.0161e+02 3.5298e+02 4.1207e+02
  43.1760 3.6942e+02 3.0965e+02 4.3310e+02 3.1787e+02 4.2323e+02 3.5970e+02 3.8784e+02 3.4078e+02 3.9806e+02
  43.4286 3.5682e+02 2.9906e+02 4.1832e+02 3.0704e+02 4.0873e+02 3.4743e+02 3.7461e+02 3.2906e+02 3.8460e+02
  43.6811 3.4472e+02 2.8887e+02 4.0411e+02 2.9663e+02 3.9479e+02 3.3564e+02 3.6189e+02 3.1780e+02 3.7165e+02
  43.9337 3.3308e+02 2.7907e+02 3.9046e+02 2.8662e+02 3.8139e+02 3.2431e+02 3.4967e+02 3.0697e+02 3.5921e+02
  44.1862 3.2189e+02 2.6965e+02 3.7733e+02 2.7700e+02 3.6851e+02 3.1340e+02 3.3791e+02 2.9656e+02 3.4724e+02
  44.4388 3.1112e+02 2.6059e+02 3.6470e+02 2.6774e+02 3.5613e+02 3.0292e+02 3.2660e+02 2.8654e+02 3.3573e+02
  44.6913 3.0077e+02 2.5187e+02 3.5256e+02 2.5884e+02 3.4422e+02 2.9283e+02 3.1573e+02 2.7690e+02 3.2465e+02
  44.9439 2.9081e+02 2.4349e+02 3.4087e+02 2.5027e+02 3.3276e+02 2.8312e+02 3.0526e+02 2.6764e+02 3.1400e+02
  45.1964 2.8122e+02 2.3542e+02 3.2963e+02 2.4203e+02 3.2174e+02 2.7378e+02 2.9519e+02 2.5872e+02 3.0374e+02
  45.4490 2.7200e+02 2.2765e+02 3.1882e+02 2.3409e+02 3.1113e+02 2.6479e+02 2.8550e+02 2.5014e+02 2.9387e+02
  45.7015 2.6312e+02 2.2017e+02 3.0841e+02 2.2646e+02 3.0092e+02 2.5614e+02 2.7618e+02 2.4188e+02 2.8437e+02
  45.9541 2.5457e+02 2.1298e+02 2.9839e+02 2.1910e+02 2.9109e+02 2.4781e+02 2.6720e+02 2.3392e+02 2.7523e+02
  46.2066 2.4634e+02 2.0605e+02 2.8874e+02 2.1203e+02 2.8163e+02 2.3979e+02 2.5855e+02 2.2627e+02 2.6642e+02
  46.4592 2.3841e+02 1.9938e+02 2.7945e+02 2.0521e+02 2.7252e+02 2.3207e+02 2.5022e+02 2.1890e+02 2.5794e+02
  46.7117 2.3078e+02 1.9295e+02 2.7050e+02 1.9864e+02 2.6375e+02 2.2464e+02 2.4221e+02 2.1180e+02 2.4977e+02
  46.9643 2.2343e+02 1.8676e+02 2.6188e+02 1.9232e+02 2.5530e+02 2.1747e+02 2.3448e+02 2.0496e+02 2.4190e+02
  47.2168 2.1634e+02 1.8079e+02 2.5358e+02 1.8622e+02 2.4715e+02 2.1057e+02 2.2703e+02 1.9837e+02 2.3431e+02
  47.4694 2.0950e+02 1.7504e+02 2.4557e+02 1.8034e+02 2.3930e+02 2.0391e+02 2.1985e+02 1.9201e+02 2.2699e+02
  47.7219 2.0291e+02 1.6949e+02 2.3785e+02 1.7467e+02 2.3174e+02 1.9750e+02 2.1293e+02 1.8588e+02 2.1993e+02
  47.9745 1.9656e+02 1.6414e+02 2.3040e+02 1.6921e+02 2.2444e+02 1.9131e+02 2.0625e+02 1.7998e+02 2.1312e+02
  48.2270 1.9043e+02 1.5898e+02 2.2323e+02 1.6393e+02 2.1740e+02 1.8534e+02 1.9981e+02 1.7428e+02 2.0655e+02
  48.4796 1.8451e+02 1.5401e+02 2.1630e+02 1.5884e+02 2.1062e+02 1.7958e+02 1.9360e+02 1.6878e+02 2.0021e+02
  48.7321 1.7880e+02 1.4920e+02 2.0962e+02 1.5393e+02 2.0407e+02 1.7403e+02 1.8761e+02 1.6348e+02 1.9409e+02
  48.9847 1.7329e+02 1.4457e+02 2.0317e+02 1.4919e+02 1.9775e+02 1.6866e+02 1.8183e+02 1.5837e+02 1.8819e+02
  49.2372 1.6798e+02 1.4009e+02 1.9695e+02 1.4462e+02 1.9166e+02 1.6349e+02 1.7625e+02 1.5343e+02 1.8249e+02
  49.4898 1.6285e+02 1.3578e+02 1.9095e+02 1.4020e+02 1.8578e+02 1.5850e+02 1.7086e+02 1.4867e+02 1.7698e+02
  49.7423 1.5789e+02 1.3161e+02 1.8515e+02 1.3594e+02 1.8010e+02 1.5368e+02 1.6566e+02 1.4407e+02 1.7167e+02
  49.9949 1.5311e+02 1.2758e+02 1.7956e+02 1.3182e+02 1.7462e+02 1.4902e+02 1.6063e+02 1.3963e+02 1.6653e+02
  50.2474 1.4849e+02 1.2370e+02 1.7415e+02 1.2784e+02 1.6932e+02 1.4453e+02 1.5578e+02 1.3534e+02 1.6158e+02
  50.5000 1.4402e+02 1.1994e+02 1.6893e+02 1.2400e+02 1.6421e+02 1.4019e+02 1.5110e+02 1.3120e+02 1.5679e+02
  50.7526 1.3971e+02 1.1631e+02 1.6389e+02 1.2029e+02 1.5928e+02 1.3600e+02 1.4657e+02 1.2721e+02 1.5216e+02
  51.0051 1.3554e+02 1.1281e+02 1.5903e+02 1.1670e+02 1.5451e+02 1.3194e+02 1.4220e+02 1.2334e+02 1.4769e+02
  51.2577 1.3152e+02 1.0943e+02 1.5432e+02 1.1324e+02 1.4990e+02 1.2803e+02 1.3798e+02 1.1961e+02 1.4337e+02
  51.5102 1.2763e+02 1.0615e+02 1.4977e+02 1.0989e+02 1.4545e+02 1.2425e+02 1.3390e+02 1.1601e+02 1.3919e+02
  51.7628 1.2387e+02 1.0299e+02 1.4538e+02 1.0665e+02 1.4115e+02 1.2059e+02 1.2995e+02 1.1253e+02 1.3515e+02
  52.0153 1.2023e+02 9.9936e+01 1.4113e+02 1.0352e+02 1.3699e+02 1.1706e+02 1.2614e+02 1.0916e+02 1.3125e+02
  52.2679 1.1672e+02 9.6982e+01 1.3703e+02 1.0050e+02 1.3297e+02 1.1364e+02 1.2245e+02 1.0591e+02 1.2747e+02
  52.5204 1.1332e+02 9.4126e+01 1.3306e+02 9.7574e+01 1.2908e+02 1.1034e+02 1.1888e+02 1.0276e+02 1.2382e+02
  52.7730 1.1004e+02 9.1364e+01 1.2922e+02 9.4745e+01 1.2533e+02 1.0714e+02 1.1543e+02 9.9719e+01 1.2029e+02
  53.0255 1.0686e+02 8.8692e+01 1.2551e+02 9.2008e+01 1.2169e+02 1.0405e+02 1.1210e+02 9.6778e+01 1.1687e+02
  53.2781 1.0378e+02 8.6109e+01 1.2192e+02 8.9361e+01 1.1818e+02 1.0106e+02 1.0887e+02 9.3934e+01 1.1357e+02
  53.5306 1.0081e+02 8.3609e+01 1.1845e+02 8.6801e+01 1.1478e+02 9.8170e+01 1.0575e+02 9.1184e+01 1.1037e+02
  53.7832 9.7931e+01 8.1191e+01 1.1509e+02 8.4323e+01 1.1149e+02 9.5372e+01 1.0273e+02 8.8524e+01 1.0728e+02
  54.0357 9.5146e+01 7.8851e+01 1.1183e+02 8.1925e+01 1.0831e+02 9.2664e+01 9.9809e+01 8.5950e+01 1.0428e+02
  54.2883 9.2451e+01 7.6587e+01 1.0869e+02 7.9605e+01 1.0523e+02 9.0044e+01 9.6981e+01 8.3460e+01 1.0139e+02
  54.5408 8.9842e+01 7.4396e+01 1.0564e+02 7.7359e+01 1.0225e+02 8.7507e+01 9.4243e+01 8.1051e+01 9.8582e+01
  54.7934 8.7317e+01 7.2275e+01 1.0269e+02 7.5184e+01 9.9363e+01 8.5052e+01 9.1593e+01 7.8719e+01 9.5866e+01
  55.0459 8.4872e+01 7.0222e+01 9.9841e+01 7.3079e+01 9.6570e+01 8.2675e+01 8.9028e+01 7.6462e+01 9.3237e+01
  55.2985 8.2505e+01 6.8234e+01 9.7079e+01 7.1041e+01 9.3866e+01 8.0373e+01 8.6543e+01 7.4278e+01 9.0691e+01
  55.5510 8.0213e+01 6.6310e+01 9.4403e+01 6.9068e+01 9.1248e+01 7.8144e+01 8.4137e+01 7.2163e+01 8.8225e+01
  55.8036 7.7993e+01 6.4446e+01 9.1813e+01 6.7156e+01 8.8713e+01 7.5985e+01 8.1807e+01 7.0116e+01 8.5837e+01
  56.0561 7.5843e+01 6.2641e+01 8.9303e+01 6.5305e+01 8.6257e+01 7.3894e+01 7.9550e+01 6.8133e+01 8.3524e+01
  56.3087 7.3760e+01 6.0893e+01 8.6873e+01 6.3511e+01 8.3878e+01 7.1868e+01 7.7363e+01 6.6214e+01 8.1283e+01
  56.5612 7.1742e+01 5.9200e+01 8.4518e+01 6.1774e+01 8.1573e+01 6.9905e+01 7.5245e+01 6.4354e+01 7.9112e+01
  56.8138 6.9787e+01 5.7559e+01 8.2237e+01 6.0091e+01 7.9340e+01 6.8003e+01 7.3192e+01 6.2554e+01 7.7008e+01
  57.0663 6.7892e+01 5.5970e+01 8.0026e+01 5.8459e+01 7.7177e+01 6.6159e+01 7.1203e+01 6.0809e+01 7.4969e+01
  57.3189 6.6056e+01 5.4429e+01 7.7884e+01 5.6878e+01 7.5079e+01 6.4372e+01 6.9274e+01 5.9119e+01 7.2993e+01
  57.5714 6.4276e+01 5.2936e+01 7.5807e+01 5.5346e+01 7.3047e+01 6.2639e+01 6.7405e+01 5.7481e+01 7.1077e+01
  57.8240 6.2550e+01 5.1488e+01 7.3794e+01 5.3860e+01 7.1076e+01 6.0959e+01 6.5592e+01 5.5893e+01 6.9219e+01
  58.0765 6.0877e+01 5.0085e+01 7.1842e+01 5.2419e+01 6.9165e+01 5.9329e+01 6.3834e+01 5.4355e+01 6.7417e+01
  58.3291 5.9254e+01 4.8724e+01 6.9949e+01 5.1021e+01 6.7313e+01 5.7748e+01 6.2130e+01 5.2863e+01 6.5669e+01
  58.5816 5.7680e+01 4.7404e+01 6.8113e+01 4.9666e+01 6.5516e+01 5.6215e+01 6.0477e+01 5.1417e+01 6.3974e+01
  58.8342 5.6153e+01 4.6124e+01 6.6332e+01 4.8352e+01 6.3773e+01 5.4727e+01 5.8873e+01 5.0015e+01 6.2330e+01
  59.0867 5.4672e+01 4.4883e+01 6.4605e+01 4.7076e+01 6.2083e+01 5.3283e+01 5.7318e+01 4.8655e+01 6.0734e+01
  59.3393 5.3236e+01 4.3679e+01 6.2929e+01 4.5839e+01 6.0443e+01 5.1882e+01 5.5808e+01 4.7337e+01 5.9185e+01
  59.5918 5.1842e+01 4.2511e+01 6.1303e+01 4.4639e+01 5.8852e+01 5.0523e+01 5.4344e+01 4.6058e+01 5.7682e+01
  59.8444 5.0489e+01 4.1377e+01 5.9725e+01 4.3474e+01 5.7308e+01 4.9203e+01 5.2922e+01 4.4818e+01 5.6224e+01
  60.0969 4.9176e+01 4.0277e+01 5.8194e+01 4.2343e+01 5.5810e+01 4.7923e+01 5.1543e+01 4.3614e+01 5.4807e+01
  60.3495 4.7902e+01 3.9210e+01 5.6708e+01 4.1246e+01 5.4356e+01 4.6679e+01 5.0204e+01 4.2447e+01 5.3432e+01
  60.6020 4.6665e+01 3.8174e+01 5.5265e+01 4.0181e+01 5.2945e+01 4.5472e+01 4.8904e+01 4.1314e+01 5.2096e+01
  60.8546 4.5464e+01 3.7168e+01 5.3864e+01 3.9146e+01 5.1575e+01 4.4300e+01 4.7642e+01 4.0215e+01 5.0800e+01
  61.1071 4.4298e+01 3.6192e+01 5.2504e+01 3.8142e+01 5.0245e+01 4.3162e+01 4.6417e+01 3.9148e+01 4.9540e+01
  61.3597 4.3166e+01 3.5245e+01 5.1183e+01 3.7167e+01 4.8954e+01 4.2057e+01 4.5228e+01 3.8113e+01 4.8316e+01
  61.6122 4.2066e+01 3.4325e+01 4.9900e+01 3.6220e+01 4.7700e+01 4.0983e+01 4.4072e+01 3.7108e+01 4.7127e+01
  61.8648 4.0998e+01 3.3431e+01 4.8654e+01 3.5300e+01 4.6482e+01 3.9940e+01 4.2950e+01 3.6133e+01 4.5972e+01
  62.1173 3.9961e+01 3.2564e+01 4.7444e+01 3.4407e+01 4.5299e+01 3.8928e+01 4.1860e+01 3.5186e+01 4.4849e+01
  62.3699 3.8953e+01 3.1721e+01 4.6268e+01 3.3539e+01 4.4151e+01 3.7943e+01 4.0802e+01 3.4266e+01 4.3757e+01
  62.6224 3.7974e+01 3.0903e+01 4.5126e+01 3.2696e+01 4.3035e+01 3.6987e+01 3.9773e+01 3.3373e+01 4.2697e+01
  62.8750 3.7023e+01 3.0108e+01 4.4015e+01 3.1877e+01 4.1950e+01 3.6058e+01 3.8773e+01 3.2507e+01 4.1665e+01
  63.1276 3.6099e+01 2.9336e+01 4.2936e+01 3.1081e+01 4.0897e+01 3.5155e+01 3.7802e+01 3.1664e+01 4.0663e+01
  63.3801 3.5200e+01 2.8586e+01 4.1888e+01 3.0307e+01 3.9873e+01 3.4278e+01 3.6859e+01 3.0847e+01 3.9688e+01
  63.6327 3.4327e+01 2.7857e+01 4.0868e+01 2.9555e+01 3.8879e+01 3.3425e+01 3.5941e+01 3.0052e+01 3.8739e+01
  63.8852 3.3478e+01 2.7149e+01 3.9877e+01 2.8824e+01 3.7912e+01 3.2596e+01 3.5050e+01 2.9280e+01 3.7817e+01
  64.1378 3.2653e+01 2.6460e+01 3.8913e+01 2.8113e+01 3.6972e+01 3.1790e+01 3.4183e+01 2.8531e+01 3.6919e+01
  64.3903 3.1851e+01 2.5791e+01 3.7976e+01 2.7423e+01 3.6058e+01 3.1006e+01 3.3340e+01 2.7802e+01 3.6047e+01
  64.6429 3.1071e+01 2.5141e+01 3.7065e+01 2.6751e+01 3.5170e+01 3.0244e+01 3.2521e+01 2.7094e+01 3.5197e+01
  64.8954 3.0313e+01 2.4509e+01 3.6179e+01 2.6098e+01 3.4307e+01 2.9503e+01 3.1725e+01 2.6407e+01 3.4370e+01
  65.1480 2.9575e+01 2.3895e+01 3.5316e+01 2.5462e+01 3.3467e+01 2.8783e+01 3.0950e+01 2.5738e+01 3.3566e+01
  65.4005 2.8858e+01 2.3297e+01 3.4478e+01 2.4845e+01 3.2651e+01 2.8082e+01 3.0197e+01 2.5088e+01 3.2783e+01
  65.6531 2.8160e+01 2.2717e+01 3.3662e+01 2.4244e+01 3.1856e+01 2.7401e+01 2.9464e+01 2.4457e+01 3.2021e+01
  65.9056 2.7482e+01 2.2152e+01 3.2867e+01 2.3659e+01 3.1084e+01 2.6738e+01 2.8751e+01 2.3843e+01 3.1279e+01
  66.1582 2.6821e+01 2.1603e+01 3.2095e+01 2.3090e+01 3.0333e+01 2.6093e+01 2.8058e+01 2.3246e+01 3.0556e+01
  66.4107 2.6179e+01 2.1069e+01 3.1342e+01 2.2537e+01 2.9602e+01 2.5465e+01 2.7383e+01 2.2666e+01 2.9852e+01
  66.6633 2.5553e+01 2.0549e+01 3.0610e+01 2.1999e+01 2.8891e+01 2.4855e+01 2.6727e+01 2.2101e+01 2.9167e+01
  66.9158 2.4945e+01 2.0044e+01 2.9897e+01 2.1475e+01 2.8199e+01 2.4261e+01 2.6088e+01 2.1552e+01 2.8499e+01
  67.1684 2.4353e+01 1.9552e+01 2.9204e+01 2.0965e+01 2.7526e+01 2.3683e+01 2.5467e+01 2.1019e+01 2.7849e+01
  67.4209 2.3777e+01 1.9074e+01 2.8528e+01 2.0468e+01 2.6870e+01 2.3120e+01 2.4862e+01 2.0500e+01 2.7215e+01
  67.6735 2.3216e+01 1.8609e+01 2.7870e+01 1.9985e+01 2.6233e+01 2.2573e+01 2.4273e+01 1.9995e+01 2.6598e+01
  67.9260 2.2669e+01 1.8157e+01 2.7229e+01 1.9515e+01 2.5612e+01 2.2040e+01 2.3701e+01 1.9504e+01 2.5996e+01
  68.1786 2.2138e+01 1.7716e+01 2.6605e+01 1.9057e+01 2.5008e+01 2.1521e+01 2.3143e+01 1.9026e+01 2.5410e+01
  68.4311 2.1620e+01 1.7288e+01 2.5997e+01 1.8611e+01 2.4420e+01 2.1016e+01 2.2600e+01 1.8562e+01 2.4838e+01
  68.6837 2.1116e+01 1.6870e+01 2.5405e+01 1.8177e+01 2.3848e+01 2.0525e+01 2.2071e+01 1.8110e+01 2.4281e+01
  68.9362 2.0625e+01 1.6465e+01 2.4828e+01 1.7754e+01 2.3290e+01 2.0046e+01 2.1556e+01 1.7670e+01 2.3738e+01
  69.1888 2.0147e+01 1.6069e+01 2.4265e+01 1.7343e+01 2.2747e+01 1.9580e+01 2.1055e+01 1.7242e+01 2.3209e+01
  69.4413 1.9681e+01 1.5685e+01 2.3717e+01 1.6942e+01 2.2219e+01 1.9126e+01 2.0567e+01 1.6825e+01 2.2692e+01
  69.6939 1.9227e+01 1.5310e+01 2.3183e+01 1.6551e+01 2.1704e+01 1.8684e+01 2.0091e+01 1.6420e+01 2.2189e+01
  69.9464 1.8785e+01 1.4946e+01 2.2662e+01 1.6170e+01 2.1202e+01 1.8253e+01 1.9628e+01 1.6025e+01 2.1697e+01
  70.1990 1.8355e+01 1.4591e+01 2.2155e+01 1.5799e+01 2.0714e+01 1.7834e+01 1.9177e+01 1.5641e+01 2.1218e+01
  70.4515 1.7935e+01 1.4245e+01 2.1660e+01 1.5438e+01 2.0238e+01 1.7425e+01 1.8737e+01 1.5267e+01 2.0750e+01
  70.7041 1.7526e+01 1.3908e+01 2.1177e+01 1.5085e+01 1.9774e+01 1.7027e+01 1.8309e+01 1.4902e+01 2.0294e+01
  70.9566 1.7127e+01 1.3580e+01 2.0706e+01 1.4742e+01 1.9323e+01 1.6639e+01 1.7892e+01 1.4548e+01 1.9848e+01
  71.2092 1.6738e+01 1.3261e+01 2.0247e+01 1.4407e+01 1.8883e+01 1.6261e+01 1.7485e+01 1.4202e+01 1.9414e+01
  71.4617 1.6360e+01 1.2950e+01 1.9800e+01 1.4081e+01 1.8454e+01 1.5892e+01 1.7089e+01 1.3866e+01 1.8990e+01
  71.7143 1.5990e+01 1.2646e+01 1.9363e+01 1.3763e+01 1.8036e+01 1.5533e+01 1.6703e+01 1.3538e+01 1.8576e+01
  71.9668 1.5630e+01 1.2351e+01 1.8938e+01 1.3453e+01 1.7629e+01 1.5183e+01 1.6326e+01 1.3219e+01 1.8172e+01
  72.2194 1.5279e+01 1.2063e+01 1.8522e+01 1.3151e+01 1.7232e+01 1.4842e+01 1.5959e+01 1.2908e+01 1.7777e+01
  72.4719 1.4937e+01 1.1783e+01 1.8117e+01 1.2856e+01 1.6845e+01 1.4510e+01 1.5602e+01 1.2606e+01 1.7393e+01
  72.7245 1.4603e+01 1.1510e+01 1.7722e+01 1.2569e+01 1.6468e+01 1.4185e+01 1.5253e+01 1.2311e+01 1.7017e+01
  72.9770 1.4278e+01 1.1243e+01 1.7336e+01 1.2288e+01 1.6100e+01 1.3869e+01 1.4913e+01 1.2023e+01 1.6650e+01
  73.2296 1.3960e+01 1.0984e+01 1.6960e+01 1.2015e+01 1.5742e+01 1.3561e+01 1.4582e+01 1.1743e+01 1.6292e+01
  73.4821 1.3651e+01 1.0731e+01 1.6592e+01 1.1748e+01 1.5392e+01 1.3261e+01 1.4258e+01 1.1470e+01 1.5943e+01
  73.7347 1.3349e+01 1.0484e+01 1.6234e+01 1.1489e+01 1.5051e+01 1.2968e+01 1.3943e+01 1.1204e+01 1.5601e+01
  73.9872 1.3055e+01 1.0244e+01 1.5884e+01 1.1235e+01 1.4719e+01 1.2682e+01 1.3636e+01 1.0945e+01 1.5268e+01
  74.2398 1.2767e+01 1.0010e+01 1.5543e+01 1.0987e+01 1.4395e+01 1.2403e+01 1.3336e+01 1.0693e+01 1.4943e+01
  74.4923 1.2487e+01 9.7815e+00 1.5210e+01 1.0746e+01 1.4079e+01 1.2131e+01 1.3044e+01 1.0447e+01 1.4625e+01
  74.7449 1.2213e+01 9.5589e+00 1.4885e+01 1.0511e+01 1.3771e+01 1.1866e+01 1.2759e+01 1.0207e+01 1.4314e+01
  74.9974 1.1947e+01 9.3418e+00 1.4567e+01 1.0281e+01 1.3470e+01 1.1607e+01 1.2480e+01 9.9731e+00 1.4011e+01
  75.2500 1.1687e+01 9.1301e+00 1.4257e+01 1.0057e+01 1.3176e+01 1.1355e+01 1.2209e+01 9.7452e+00 1.3715e+01
  75.5026 1.1432e+01 8.9238e+00 1.3955e+01 9.8380e+00 1.2890e+01 1.1109e+01 1.1944e+01 9.5230e+00 1.3426e+01
  75.7551 1.1185e+01 8.7225e+00 1.3659e+01 9.6245e+00 1.2611e+01 1.0868e+01 1.1686e+01 9.3063e+00 1.3144e+01
  76.0077 1.0943e+01 8.5262e+00 1.3371e+01 9.4162e+00 1.2338e+01 1.0634e+01 1.1434e+01 9.0951e+00 1.2868e+01
  76.2602 1.0707e+01 8.3348e+00 1.3089e+01 9.2129e+00 1.2072e+01 1.0405e+01 1.1188e+01 8.8891e+00 1.2598e+01
  76.5128 1.0476e+01 8.1481e+00 1.2814e+01 9.0144e+00 1.1813e+01 1.0182e+01 1.0948e+01 8.6883e+00 1.2335e+01
  76.7653 1.0251e+01 7.9659e+00 1.2545e+01 8.8207e+00 1.1560e+01 9.9638e+00 1.0713e+01 8.4924e+00 1.2078e+01
  77.0179 1.0032e+01 7.7883e+00 1.2283e+01 8.6316e+00 1.1312e+01 9.7511e+00 1.0485e+01 8.3014e+00 1.1827e+01
  77.2704 9.8173e+00 7.6150e+00 1.2027e+01 8.4470e+00 1.1071e+01 9.5435e+00 1.0261e+01 8.1151e+00 1.1581e+01
  77.5230 9.6081e+00 7.4459e+00 1.1776e+01 8.2668e+00 1.0836e+01 9.3408e+00 1.0044e+01 7.9334e+00 1.1341e+01
  77.7755 9.4038e+00 7.2809e+00 1.1532e+01 8.0908e+00 1.0606e+01 9.1430e+00 9.8308e+00 7.7561e+00 1.1107e+01
  78.0281 9.2043e+00 7.1200e+00 1.1293e+01 7.9191e+00 1.0382e+01 8.9498e+00 9.6231e+00 7.5832e+00 1.0878e+01
  78.2806 9.0095e+00 6.9629e+00 1.1060e+01 7.7513e+00 1.0162e+01 8.7612e+00 9.4203e+00 7.4145e+00 1.0654e+01
  78.5332 8.8192e+00 6.8097e+00 1.0832e+01 7.5875e+00 9.9485e+00 8.5770e+00 9.2223e+00 7.2500e+00 1.0435e+01
  78.7857 8.6335e+00 6.6601e+00 1.0609e+01 7.4275e+00 9.7396e+00 8.3972e+00 9.0290e+00 7.0894e+00 1.0222e+01
  79.0383 8.4520e+00 6.5141e+00 1.0391e+01 7.2713e+00 9.5356e+00 8.2216e+00 8.8401e+00 6.9328e+00 1.0013e+01
  79.2908 8.2749e+00 6.3717e+00 1.0179e+01 7.1187e+00 9.3364e+00 8.0500e+00 8.6557e+00 6.7800e+00 9.8085e+00
  79.5434 8.1018e+00 6.2327e+00 9.9707e+00 6.9697e+00 9.1419e+00 7.8825e+00 8.4756e+00 6.6308e+00 9.6089e+00
  79.7959 7.9327e+00 6.0970e+00 9.7677e+00 6.8241e+00 8.9519e+00 7.7189e+00 8.2997e+00 6.4852e+00 9.4138e+00
  80.0485 7.7676e+00 5.9645e+00 9.5692e+00 6.6819e+00 8.7663e+00 7.5591e+00 8.1279e+00 6.3432e+00 9.2231e+00
  80.3010 7.6063e+00 5.8352e+00 9.3752e+00 6.5430e+00 8.5850e+00 7.4029e+00 7.9600e+00 6.2046e+00 9.0367e+00
  80.5536 7.4487e+00 5.7090e+00 9.1856e+00 6.4073e+00 8.4079e+00 7.2504e+00 7.7960e+00 6.0693e+00 8.8545e+00
  80.8061 7.2947e+00 5.5857e+00 9.0003e+00 6.2747e+00 8.2348e+00 7.1014e+00 7.6358e+00 5.9372e+00 8.6763e+00
  81.0587 7.1442e+00 5.4654e+00 8.8192e+00 6.1451e+00 8.0658e+00 6.9558e+00 7.4793e+00 5.8083e+00 8.5022e+00
  81.3112 6.9972e+00 5.3479e+00 8.6421e+00 6.0185e+00 7.9006e+00 6.8135e+00 7.3263e+00 5.6824e+00 8.3319e+00
  81.5638 6.8536e+00 5.2332e+00 8.4690e+00 5.8949e+00 7.7393e+00 6.6745e+00 7.1768e+00 5.5596e+00 8.1654e+00
  81.8163 6.7132e+00 5.1212e+00 8.2998e+00 5.7740e+00 7.5815e+00 6.5387e+00 7.0308e+00 5.4396e+00 8.0026e+00
  82.0689 6.5760e+00 5.0118e+00 8.1344e+00 5.6559e+00 7.4274e+00 6.4059e+00 6.8880e+00 5.3225e+00 7.8434e+00
  82.3214 6.4419e+00 4.9049e+00 7.9726e+00 5.5404e+00 7.2768e+00 6.2762e+00 6.7485e+00 5.2082e+00 7.6877e+00
  82.5740 6.3109e+00 4.8006e+00 7.8145e+00 5.4276e+00 7.1296e+00 6.1493e+00 6.6122e+00 5.0965e+00 7.5355e+00
  82.8265 6.1828e+00 4.6987e+00 7.6598e+00 5.3173e+00 6.9857e+00 6.0254e+00 6.4789e+00 4.9875e+00 7.3867e+00
  83.0791 6.0576e+00 4.5992e+00 7.5086e+00 5.2095e+00 6.8450e+00 5.9042e+00 6.3486e+00 4.8810e+00 7.2411e+00
  83.3316 5.9352e+00 4.5020e+00 7.3607e+00 5.1042e+00 6.7075e+00 5.7857e+00 6.2212e+00 4.7771e+00 7.0987e+00
  83.5842 5.8156e+00 4.4070e+00 7.2161e+00 5.0012e+00 6.5731e+00 5.6699e+00 6.0967e+00 4.6755e+00 6.9595e+00
  83.8367 5.6986e+00 4.3142e+00 7.0747e+00 4.9005e+00 6.4417e+00 5.5567e+00 5.9750e+00 4.5763e+00 6.8233e+00
  84.0893 5.5842e+00 4.2236e+00 6.9364e+00 4.8020e+00 6.3132e+00 5.4460e+00 5.8559e+00 4.4795e+00 6.6902e+00
  84.3418 5.4724e+00 4.1350e+00 6.8011e+00 4.7058e+00 6.1876e+00 5.3377e+00 5.7395e+00 4.3849e+00 6.5599e+00
  84.5944 5.3631e+00 4.0485e+00 6.6688e+00 4.6117e+00 6.0647e+00 5.2319e+00 5.6257e+00 4.2924e+00 6.4325e+00
  84.8469 5.2563e+00 3.9639e+00 6.5395e+00 4.5197e+00 5.9446e+00 5.1284e+00 5.5144e+00 4.2021e+00 6.3081e+00
  85.0995 5.1518e+00 3.8813e+00 6.4131e+00 4.4298e+00 5.8271e+00 5.0271e+00 5.4056e+00 4.1139e+00 6.1864e+00
  85.3520 5.0497e+00 3.8006e+00 6.2894e+00 4.3419e+00 5.7123e+00 4.9281e+00 5.2991e+00 4.0277e+00 6.0674e+00
  85.6046 4.9499e+00 3.7216e+00 6.1686e+00 4.2560e+00 5.5999e+00 4.8313e+00 5.1950e+00 3.9434e+00 5.9512e+00
  85.8571 4.8523e+00 3.6445e+00 6.0504e+00 4.1720e+00 5.4900e+00 4.7366e+00 5.0932e+00 3.8611e+00 5.8375e+00
  86.1097 4.7568e+00 3.5691e+00 5.9348e+00 4.0898e+00 5.3826e+00 4.6440e+00 4.9936e+00 3.7806e+00 5.7263e+00
  86.3622 4.6635e+00 3.4954e+00 5.8217e+00 4.0095e+00 5.2774e+00 4.5533e+00 4.8961e+00 3.7020e+00 5.6177e+00
  86.6148 4.5722e+00 3.4234e+00 5.7111e+00 3.9310e+00 5.1746e+00 4.4647e+00 4.8008e+00 3.6251e+00 5.5114e+00
  86.8673 4.4830e+00 3.3530e+00 5.6030e+00 3.8541e+00 5.0740e+00 4.3780e+00 4.7076e+00 3.5500e+00 5.4074e+00
  87.1199 4.3957e+00 3.2841e+00 5.4972e+00 3.7790e+00 4.9756e+00 4.2931e+00 4.6164e+00 3.4766e+00 5.3058e+00
  87.3724 4.3103e+00 3.2168e+00 5.3937e+00 3.7055e+00 4.8793e+00 4.2101e+00 4.5271e+00 3.4049e+00 5.2064e+00
  87.6250 4.2268e+00 3.1510e+00 5.2924e+00 3.6336e+00 4.7851e+00 4.1289e+00 4.4398e+00 3.3347e+00 5.1091e+00
  87.8776 4.1451e+00 3.0867e+00 5.1933e+00 3.5633e+00 4.6929e+00 4.0494e+00 4.3543e+00 3.2661e+00 5.0140e+00
  88.1301 4.0652e+00 3.0238e+00 5.0964e+00 3.4945e+00 4.6027e+00 3.9716e+00 4.2707e+00 3.1991e+00 4.9209e+00
  88.3827 3.9870e+00 2.9623e+00 5.0015e+00 3.4272e+00 4.5144e+00 3.8955e+00 4.1889e+00 3.1336e+00 4.8298e+00
  88.6352 3.9105e+00 2.9021e+00 4.9087e+00 3.3614e+00 4.4280e+00 3.8210e+00 4.1088e+00 3.0695e+00 4.7408e+00
  88.8878 3.8356e+00 2.8433e+00 4.8179e+00 3.2970e+00 4.3435e+00 3.7481e+00 4.0304e+00 3.0068e+00 4.6536e+00
  89.1403 3.7624e+00 2.7858e+00 4.7290e+00 3.2340e+00 4.2607e+00 3.6767e+00 3.9537e+00 2.9455e+00 4.5683e+00
  89.3929 3.6907e+00 2.7295e+00 4.6420e+00 3.1723e+00 4.1798e+00 3.6069e+00 3.8786e+00 2.8856e+00 4.4848e+00
  89.6454 3.6206e+00 2.6745e+00 4.5568e+00 3.1120e+00 4.1005e+00 3.5385e+00 3.8051e+00 2.8271e+00 4.4031e+00
  89.8980 3.5520e+00 2.6207e+00 4.4735e+00 3.0529e+00 4.0229e+00 3.4716e+00 3.7331e+00 2.7698e+00 4.3231e+00
  90.1505 3.4848e+00 2.5680e+00 4.3919e+00 2.9952e+00 3.9470e+00 3.4061e+00 3.6627e+00 2.7138e+00 4.2448e+00
  90.4031 3.4191e+00 2.5165e+00 4.3120e+00 2.9386e+00 3.8726e+00 3.3419e+00 3.5937e+00 2.6589e+00 4.1682e+00
  90.6556 3.3548e+00 2.4661e+00 4.2338e+00 2.8832e+00 3.7998e+00 3.2792e+00 3.5262e+00 2.6054e+00 4.0931e+00
  90.9082 3.2918e+00 2.4168e+00 4.1572e+00 2.8290e+00 3.7285e+00 3.2177e+00 3.4601e+00 2.5529e+00 4.0197e+00
  91.1607 3.2301e+00 2.3686e+00 4.0822e+00 2.7760e+00 3.6587e+00 3.1575e+00 3.3954e+00 2.5017e+00 3.9478e+00
  91.4133 3.1698e+00 2.3215e+00 4.0088e+00 2.7241e+00 3.5904e+00 3.0985e+00 3.3320e+00 2.4515e+00 3.8774e+00
  91.6658 3.1107e+00 2.2753e+00 3.9369e+00 2.6732e+00 3.5235e+00 3.0408e+00 3.2700e+00 2.4025e+00 3.8084e+00
  91.9184 3.0528e+00 2.2302e+00 3.8665e+00 2.6235e+00 3.4580e+00 2.9843e+00 3.2092e+00 2.3545e+00 3.7409e+00
  92.1709 2.9962e+00 2.1860e+00 3.7975e+00 2.5747e+00 3.3938e+00 2.9289e+00 3.1497e+00 2.3075e+00 3.6747e+00
  92.4235 2.9407e+00 2.1427e+00 3.7299e+00 2.5270e+00 3.3310e+00 2.8747e+00 3.0914e+00 2.2616e+00 3.6099e+00
  92.6760 2.8864e+00 2.1004e+00 3.6638e+00 2.4803e+00 3.2694e+00 2.8216e+00 3.0343e+00 2.2166e+00 3.5465e+00
  92.9286 2.8333e+00 2.0590e+00 3.5989e+00 2.4345e+00 3.2092e+00 2.7696e+00 2.9784e+00 2.1727e+00 3.4843e+00
  93.1811 2.7812e+00 2.0185e+00 3.5354e+00 2.3897e+00 3.1501e+00 2.7186e+00 2.9236e+00 2.1296e+00 3.4234e+00
  93.4337 2.7302e+00 1.9789e+00 3.4732e+00 2.3458e+00 3.0923e+00 2.6688e+00 2.8700e+00 2.0875e+00 3.3638e+00
  93.6862 2.6802e+00 1.9401e+00 3.4123e+00 2.3029e+00 3.0356e+00 2.6199e+00 2.8175e+00 2.0463e+00 3.3053e+00
  93.9388 2.6313e+00 1.9021e+00 3.3525e+00 2.2608e+00 2.9801e+00 2.5720e+00 2.7660e+00 2.0060e+00 3.2480e+00
  94.1913 2.5833e+00 1.8649e+00 3.2940e+00 2.2195e+00 2.9258e+00 2.5251e+00 2.7155e+00 1.9666e+00 3.1919e+00
  94.4439 2.5364e+00 1.8285e+00 3.2366e+00 2.1791e+00 2.8725e+00 2.4791e+00 2.6661e+00 1.9279e+00 3.1368e+00
  94.6964 2.4904e+00 1.7929e+00 3.1804e+00 2.1396e+00 2.8203e+00 2.4341e+00 2.6177e+00 1.8901e+00 3.0829e+00
  94.9490 2.4453e+00 1.7580e+00 3.1254e+00 2.1008e+00 2.7692e+00 2.3899e+00 2.5703e+00 1.8532e+00 3.0301e+00
  95.2015 2.4011e+00 1.7239e+00 3.0714e+00 2.0628e+00 2.7191e+00 2.3467e+00 2.5238e+00 1.8169e+00 2.9783e+00
  95.4541 2.3579e+00 1.6904e+00 3.0184e+00 2.0256e+00 2.6700e+00 2.3043e+00 2.4782e+00 1.7815e+00 2.9275e+00
  95.7066 2.3155e+00 1.6577e+00 2.9666e+00 1.9892e+00 2.6218e+00 2.2628e+00 2.4336e+00 1.7468e+00 2.8777e+00
  95.9592 2.2740e+00 1.6257e+00 2.9157e+00 1.9534e+00 2.5747e+00 2.2221e+00 2.3899e+00 1.7128e+00 2.8289e+00
  96.2117 2.2333e+00 1.5943e+00 2.8658e+00 1.9184e+00 2.5285e+00 2.1822e+00 2.3470e+00 1.6796e+00 2.7810e+00
  96.4643 2.1934e+00 1.5636e+00 2.8169e+00 1.8841e+00 2.4832e+00 2.1432e+00 2.3050e+00 1.6471e+00 2.7341e+00
  96.7168 2.1543e+00 1.5335e+00 2.7690e+00 1.8505e+00 2.4388e+00 2.1048e+00 2.2638e+00 1.6152e+00 2.6881e+00
  96.9694 2.1160e+00 1.5041e+00 2.7220e+00 1.8175e+00 2.3953e+00 2.0673e+00 2.2234e+00 1.5840e+00 2.6429e+00
  97.2219 2.0784e+00 1.4752e+00 2.6759e+00 1.7852e+00 2.3526e+00 2.0305e+00 2.1839e+00 1.5535e+00 2.5987e+00
  97.4745 2.0416e+00 1.4470e+00 2.6307e+00 1.7536e+00 2.3108e+00 1.9944e+00 2.1451e+00 1.5235e+00 2.5553e+00
  97.7270 2.0055e+00 1.4193e+00 2.5864e+00 1.7226e+00 2.2698e+00 1.9590e+00 2.1071e+00 1.4943e+00 2.5127e+00
  97.9796 1.9701e+00 1.3923e+00 2.5429e+00 1.6921e+00 2.2297e+00 1.9244e+00 2.0698e+00 1.4656e+00 2.4709e+00
  98.2321 1.9354e+00 1.3657e+00 2.5002e+00 1.6623e+00 2.1903e+00 1.8904e+00 2.0332e+00 1.4375e+00 2.4299e+00
  98.4847 1.9015e+00 1.3397e+00 2.4584e+00 1.6331e+00 2.1517e+00 1.8571e+00 1.9974e+00 1.4100e+00 2.3897e+00
  98.7372 1.8681e+00 1.3143e+00 2.4174e+00 1.6044e+00 2.1138e+00 1.8244e+00 1.9623e+00 1.3831e+00 2.3502e+00
  98.9898 1.8354e+00 1.2894e+00 2.3771e+00 1.5763e+00 2.0767e+00 1.7923e+00 1.9278e+00 1.3567e+00 2.3115e+00
  99.2423 1.8034e+00 1.2649e+00 2.3376e+00 1.5487e+00 2.0403e+00 1.7609e+00 1.8941e+00 1.3309e+00 2.2735e+00
  99.4949 1.7719e+00 1.2410e+00 2.2988e+00 1.5217e+00 2.0046e+00 1.7301e+00 1.8610e+00 1.3056e+00 2.2362e+00
  99.7474 1.7411e+00 1.2176e+00 2.2608e+00 1.4952e+00 1.9695e+00 1.6999e+00 1.8285e+00 1.2808e+00 2.1996e+00
 100.0000 1.7109e+00 1.1946e+00 2.2235e+00 1.4692e+00 1.9352e+00 1.6703e+00 1.7966e+00 1.2565e+00 2.1637e+00